   258.00000     53.49980    102.03254    184.76634
   511.00000     53.43806    101.91745    184.54522
   761.00000     53.41893    101.88299    184.48849
  2230.00000     53.39330    101.83393    184.39321
  2780.00000     53.39130    101.83043    184.38695
         
   620.00000     56.21240    107.18904    194.09687
  1232.00000     56.08285    106.95463    193.66968
  1832.00000     56.04059    106.87836    193.53153
  6111.00000     55.98655    106.77482    193.33303
  7611.00000     55.98290    106.76820    193.32103
         
    52.00000     53.52271    102.34557    186.00319
   102.00000     53.41185    101.93691    184.75111
   152.00000     53.39093    101.85991    184.51577
   203.00000     53.38345    101.83243    184.43182
   253.00000     53.38007    101.81999    184.39383
