       1380.000    34612793.096  1276764028.721
       5666.000    34612851.363  1279576057.029
      12093.000    34612858.039  1282494834.443
      20874.000    34612859.487  1282988225.670
      33020.000    34612860.093  1283213130.354
      47616.000           0.000           0.002
         
        343.000      200753.713    75312681.195
       1385.000      201648.585    75509846.539
       3103.000      201795.889    75505841.245
       5650.000      201862.527    75424609.323
       8299.000      201897.757    75508763.309
      11974.000           0.000           0.048
